36
88
119
223
247
319
403
90
161
240
262
46
80
125
282
308
23
45
79
114
149
308
374
405
26
28
135
69
123
171
37
173
222
233
360
61
102
189
40
147
96
180
28
96
133
185
337
43
73
232
281
376
405
449
476
37
376
407
470
276
340
449
43
303
336
412
460
33
179
224
283
331
67
171
220
387
418
473
25
162
147
189
243
266
336
374
415
480
24
226
244
280
365
395
426
48
166
196
214
231
266
284
341
361
379
469
27
99
177
304
464
264
417
20
75
145
182
235
260
291
319
361
455
103
149
207
234
262
283
306
422
442
231
276
296
324
373
38
67
114
300
25
142
200
328
65
213
342
364
43
97
132
158
201
219
238
274
295
316
355
373
406
428
26
82
253
281
323
381
404
436
459
38
89
112
64
117
152
308
23
86
115
187
240
288
309
391
436
469
124
294
455
474
156
247
274
350
404
28
70
104
125
243
264
294
377
439
463
84
118
151
53
144
225
378
446
469
48
124
337
455
57
30
127
311
370
72
118
219
323
35
84
117
138
278
300
321
362
35
64
98
122
164
256
411
439
456
60
100
160
179
207
226
253
278
310
337
359
396
424
462
480
37
70
226
30
57
102
145
176
250
275
295
326
356
380
405
426
53
105
190
318
368
441
111
184
212
263
356
459
38
75
118
147
168
194
211
254
276
308
326
350
368
386
82
134
157
270
298
344
372
402
432
469
51
175
252
273
33
62
209
247
297
335
369
161
196
301
331
387
424
446
474
54
64
163
224
246
314
61
87
231
296
314
340
366
392
414
28
57
82
140
164
260
398
457
474
18
39
85
102
138
342
120
161
284
457
146
381
425
444
474
116
137
170
224
101
173
226
133
180
49
90
147
196
226
254
297
394
412
439
96
162
217
35
125
260
311
340
418
39
199
235
263
289
333
464
101
148
227
350
392
58
90
150
263
289
350
378
409
432
84
119
141
204
384
407
439
456
478
23
43
64
87
128
146
222
413
21
55
78
113
160
207
276
326
361
434
452
477
20
56
159
189
338
423
197
219
245
360
382
461
193
49
152
203
67
298
334
392
27
90
150
264
287
345
22
44
97
131
217
342
366
448
37
307
165
229
133
403
448
469
117
180
242
273
43
75
100
147
165
204
231
254
276
304
358
89
136
162
181
209
230
248
287
326
364
79
98
117
43
121
162
195
240
262
308
31
152
213
350
375
435
472
135
164
215
245
296
320
340
396
425
459
65
83
113
183
246
474
75
99
120
152
49
87
124
130
150
180
292
369
393
413
27
60
119
155
275
328
358
35
76
293
26
50
72
77
214
256
342
424
34
73
107
129
173
192
212
53
111
147
180
201
239
287
317
409
430
450
33
78
104
137
86
246
296
325
382
430
471
137
181
361
393
420
20
53
249
87
19
48
93
193
343
366
392
410
33
56
85
108
141
189
347
29
62
393
22
126
317
44
76
99
112
192
347
33
62
160
196
213
231
275
308
456
33
78
100
126
161
234
379
405
423
445
462
480
42
165
190
255
315
400
440
478
52
80
110
259
282
326
344
396
476
216
245
276
305
365
399
431
25
54
152
174
365
464
163
218
239
266
31
54
81
100
377
418
443
208
53
457
57
417
471
24
45
100
140
381
25
48
68
91
108
139
187
213
237
267
286
39
64
93
113
138
194
240
263
280
405
443
94
177
235
308
341
379
423
457
80
130
160
201
235
253
270
312
378
