56.857894917051055
47.08495659886383
27.674766783164934
28.344527672908697
63.94816342682578
20.353322959683307
19.902095461016657
41.541287418326206
38.91241323550399
19.91282077688288
44.9433647397516
22.971109713531057
32.901849935589844
35.22973761986358
46.99322099664193
38.73079884925303
31.296300061134982
24.325584474579735
20.205172314253527
47.15921761665231
60.23260889826316
75.13934607685756
25.26407835162752
89.94419391587545
63.19348198718187
56.25677135770525
111.36145395185228
56.11244506393234
29.440443665552454
60.598912812671266
33.3065106976601
130.66777215708916
26.89990213991186
90.52336740098376
45.44579511629278
65.54235726440457
79.5705008733611
85.58971385594813
141.28725834711918
112.46671529963555
102.69347454241793
71.69079259670357
107.42908757155705
31.338478556984843
64.86642819958882
103.25741675592324
37.245949964634434
101.55466950191918
53.38550557537635
43.04614215856651
58.940740128374564
64.85340307911507
114.26225084816204
114.96478073343825
143.40855781160994
62.298404171112644
114.21323069479455
84.66778802164733
76.05145880291018
103.79724381463974
85.1445454291756
50.13015607245603
84.27919662115806
66.46751176005291
33.46575785809899
77.16100762194831
133.14694249359476
141.15330541174578
124.60683180981515
46.45747683195371
39.70843771009987
51.93311071609552
82.90791280312145
44.991020909641996
148.04231077568247
90.35912225646369
93.3172745597052
63.4313989501702
92.90926654512795
105.57338306864797
103.10866071874752
120.8945097052192
155.55119104781804
88.74060437787406
59.9404473418439
34.345946435337495
74.41157889814023
53.771716863612454
49.75448664403412
94.64093039875632
33.14479906136478
64.66541478624126
33.2170508364339
75.48995312904465
103.75775976366097
125.76266141000218
52.07354754728633
62.861832850237796
67.21927662317987
81.32777298272508
68.1836970832146
54.537566906704384
59.13744354277551
40.210588199356366
59.51029873705106
79.82600188749282
38.76352387228785
43.76643503789756
149.14877963028803
90.78067403464766
154.72346786989388
55.62499892627567
114.52823017579807
59.439914780785294
33.75031521603319
37.35862946300215
54.93912508654509
76.72190947193371
60.31595512674929
60.13725232986368
41.7871206503481
56.41125918603041
81.47461591349551
112.54265215886328
147.96498172378259
130.7999536344786
28.102639979748798
68.04961344252891
61.395576777708165
42.31824145597971
80.27494451472337
44.91011973851953
57.20238735653553
40.140406852122624
22.046167036735902
48.90139381020872
93.87518076079363
185.28443673440415
147.02646301762675
84.57345576861992
