6.282688383542389
5.799598124876805
8.070362434994303
7.232614081719255
5.823499868198913
6.5998685541967035
9.57884714475466
7.077382072780502
9.558940931295867
7.131761628013172
6.994260379160264
7.4703575383824505
7.137729216626215
4.632368188617579
5.749456885792521
6.183252366200879
10.365038443830601
6.552949760918728
8.811216838298966
6.259664485689368
5.801279430097377
4.917855921553128
4.964248045273275
6.973895461210445
8.479949038279143
10.894541250856797
8.709710408127561
4.697884079152402
5.800341261549613
7.224871144297633
9.677569014373985
7.679604987393425
7.159604938973839
5.436099692333093
4.997956114756003
4.36950811183737
6.250524568227707
5.399902087891908
8.051020194001747
8.385373812174292
11.336125600957939
7.329474337981783
6.319120036024457
7.010970848112736
6.4316739376355905
6.6109102415670495
6.188220481715741
5.368175904086596
5.415691807918525
9.261997351836825
8.474378044779767
7.349634138580765
7.602270246018389
7.833653156463176
7.761918379536621
7.397949411494117
6.14322788056371
7.026654368410155
5.658265216330517
7.1619499909704025
8.377145275874359
5.644656341847858
5.459263105078138
5.714831968099553
9.872665042480003
7.401059410371802
7.2980248271010115
8.17467127649824
8.456556776802634
7.220480701731745
6.575402464958951
7.3110721354243235
6.326286532780816
6.970492260628453
6.969859249366703
7.993338272731707
6.653770366181495
6.1539577516623885
6.289304113005694
6.010070577483633
8.019806540433944
7.3966260555254255
8.937703165240315
7.5241667919659285
6.243449350614321
7.450328209789467
6.428034276545023
9.808582932536751
7.001690261377954
5.385750601325641
5.117943440182694
5.292014922476996
4.008468356577028
5.195585307787978
7.379777438615063
7.601241739229452
14.459637589151017
7.792931223043005
6.163851479699537
7.207478415673084
6.001565410638514
7.021748142325577
6.56779068842155
5.922113855576618
5.249028435987183
5.8259992103665565
8.435908084343664
9.200324309146454
8.563740185787063
7.73656171799209
8.811044306074209
6.9077150437184285
6.292687547461017
6.712268968474085
6.30455295152006
5.622645534153674
6.327259657553397
5.772433961605551
5.138036423977231
8.396489494128259
8.955479664449449
7.256899712790256
7.3557929195578895
9.62005254923493
8.94338592154345
6.4927885011335915
5.811064110907647
6.601515085770657
6.137548480834843
6.497700499477341
6.275790740707427
7.283455449942357
4.674469769537004
4.508683747023969
10.585671670264322
10.391115753428192
7.255911658498765
8.905166725826254
7.855213638375408
6.57564885402799
