1721.946928
1589.542496
2211.909131
1982.300703
1596.093439
1808.879048
2625.351666
1939.755018
2619.89581
1954.65926
1916.973187
2047.460964
1956.294845
1269.630401
1574.61616
1693.420664
2838.695438
1794.670487
2413.146963
1714.347816
1588.808912
1346.86381
1359.569321
1909.955794
2322.421936
2983.711514
2385.347178
1286.619647
1629.362156
2029.52397
2718.506378
2157.262336
2011.190172
1527.043792
1403.965764
1227.429704
1755.82224
1516.875596
2261.595832
2355.518432
3184.408161
2058.907842
1781.864728
1976.952739
1813.602664
1864.143696
1744.953687
1513.717613
1527.116142
2611.696929
2389.604129
2072.448974
2143.687274
2208.9326
2188.704836
2086.072909
1730.51211
1979.368292
1593.900905
2017.480294
2359.793846
1590.067363
1537.84315
1609.835435
2781.073199
2084.836048
2055.811796
2302.75808
2382.163611
2033.96806
1847.260496
2053.935833
1777.275119
1958.255036
1958.077201
2245.60825
1869.27678
1728.861938
1766.885464
1688.438999
2253.044112
2077.970921
2510.913373
2113.801574
1760.592675
2100.920907
1812.643849
2765.92606
1974.40932
1518.729876
1443.210832
1492.297316
1130.349528
1465.105092
2081.026268
2143.477071
4077.478745
2197.531662
1712.917402
2002.938462
1667.818549
1951.324529
1825.170999
1645.73918
1458.69059
1619.029184
2344.315694
2556.744864
2379.839884
2149.969259
2448.56502
1919.635044
1749.334083
1865.975514
1752.632603
1563.065923
1758.944948
1604.706319
1428.347136
2334.179973
2489.576304
2017.38
2044.871792
2674.324075
2486.214307
1804.961097
1614.008484
1833.55426
1704.688699
1804.720019
1743.08514
2022.961486
1298.322256
1252.275604
2940.14376
2886.106342
2015.311267
2473.387726
2181.765889
1826.369979
