1.5163531472225251
23.85282443637533
11.966731782397886
3.1043746760952864
3.329662787697597
1.1626159364056412
1.7648283424679105
1.6984789231932669
2.647932703383945
1.8692024218683478
4.033456820759671
2.205571473401672
9.90218885202476
3.1429113312394406
2.183402913824103
1.586628923285597
7.055817027395362
3.8234807515567955
2.918784000512942
5.212132376518795
7.490922627491962
2.0102292373678514
1.3386139672142006
2.6044730855766605
4.3618064430830366
12.01508828201975
3.324335405218612
15.472453001472603
1.1761770554029194
2.8826585912996654
4.734350824269888
3.8887382572407008
4.099953119419221
4.575953754269427
2.4043682418600336
1.6435045947530464
1.7048520048552063
0.6833379912289473
3.4515163545799536
3.418804524539306
1.856158854100038
4.47204391721712
2.0917281863587114
3.38076786489566
2.2143002587058382
27.377592395407486
2.027815718005728
7.640212433246566
1.6149990011479893
2.0933276172467736
1.4394695989277573
3.2137075544699307
6.300150837937995
4.4689995349763585
4.942988033532476
2.230507034576344
4.6250541252230795
6.642298949854864
3.203527224193709
9.17472984845562
3.8274935305706546
3.9134507486545838
3.310655749027232
3.916900884214836
1.4254414192040166
0.4437718172039904
2.42671729565091
8.335473538102981
7.138849956496406
1.919648689186612
4.105874721930698
1.642929373241909
5.020275943128147
2.789832902757604
6.430704043034781
5.026457821348698
4.1523387212635114
4.699791632086812
2.7475656981846024
3.4246889959224007
4.0383350301336
7.003896910810904
4.513779508656174
2.8596471944926756
4.89784251121072
4.408613641288705
33.4352093754777
2.077641635459786
4.309444973370742
3.25519747023613
2.336110600818145
1.7603945780288108
2.1402798335875977
1.8093527039736617
2.924620794959908
2.8485320059823924
4.31952047726581
5.559598987219541
5.700969890506358
1.6318487555752954
1.3173721522461652
3.4698683041264777
7.070308396867737
1.9487118684711908
1.5370517028183284
3.77453903999272
4.566835257985303
8.34026477526711
3.16089733269471
2.7545829635989563
9.320456296800739
2.4959745486046936
11.525311830948915
0.5266948385227698
6.849010495409816
1.1842449711848126
5.966521610347258
8.057818875774636
2.480448369908463
0.7422639673112047
5.670741038024943
1.2378431609724996
4.0178944005897375
23.48299872747486
3.460764274375705
2.736793132932347
1.459069929717326
45.876202810275835
3.9645670809262263
3.044657464955946
3.560820068742612
3.8950165025371657
2.156827286728032
1.5804702531071713
2.179577754737858
4.503338378329963
6.432175673609285
5.389303294613825
3.876027546298868
4.519246677592352
