1892.054568
1951.84368
2273.28284
1961.555068
3412.723144
1404.866376
1124.199064
1183.66752
1014.31836
959.880488
1467.421936
4590.895022
1787.047537
2781.592584
5969.746111
1822.832452
1921.427612
1137.7036
1593.796736
1093.55806
1431.077864
1727.693048
746.882748
3406.311808
1673.682572
1413.869572
1467.802804
2559.921832
932.506724
2088.068336
1415.324168
1443.646952
1447.902196
1624.075932
1019.600044
1468.429932
841.93886
3411.404156
1542.249
1523.028072
1499.881076
1624.7799
3434.995962
1895.3855
1934.95294
2970.378232
1731.968368
1653.873972
1504.04812
1777.188096
1096.138916
3416.235992
1652.710236
1280.687936
1431.617436
2190.259984
1648.590792
1800.466952
1843.96262
1672.529296
3303.271024
1571.965392
1775.652168
2932.236064
997.722884
2738.000936
1680.600468
1787.493092
1689.42488
2445.32104
1804.657884
2053.779872
1129.0429
1892.21304
2490.242108
1081.266244
3407.816064
1200.836884
1501.632176
2339.299984
3622.9576
1797.393477
1887.952416
1771.513724
1023.631248
1692.37544
2333.117424
1899.73476
1717.779864
1003.977092
1811.854172
2030.07416
1479.976436
1154.527756
1534.752232
2011.9539
1947.151504
2678.459116
1651.963832
1590.62602
1599.772672
1602.421212
2171.048832
1780.626932
1279.850572
1696.462576
1611.729184
1249.93854
1728.802116
4252.827432
3205.0653
2185.978128
1447.303936
1477.43232
1546.772324
2272.408744
2115.263976
1459.37068
2485.370368
966.088612
1523.62548
848.01506
3341.076712
2425.22974
1906.367568
3414.267528
553.052252
1878.30156
2088.774312
2789.90356
1491.12322
2153.031776
1306.950096
1006.863848
2047.454172
1418.1267
3925.635848
2178.529096
2028.478872
2670.390112
