6.790317603949714
7.004892313688275
8.158492227592454
7.039745118681576
12.24778314221951
5.041867737585164
4.034592248939297
4.248016169414993
3.6402458641549087
3.4448760017762035
5.266370839914787
16.476076225816183
6.4134621457630585
9.982744371964207
21.313803167645005
6.508064391203337
6.860078998600176
4.061946713083779
5.69033745970291
3.904333753873394
5.109381763265718
6.168387880236378
2.6665978057005186
12.161565676898679
5.975554109243396
5.0479429446426725
5.240500931141427
9.139696904574976
3.3619853594267464
7.528155019624897
5.102696859115454
5.2048095653249655
5.22015108261443
5.855313817534841
3.675984668180116
5.294160144552494
3.0354592068897994
12.29920442649758
5.560301523992593
5.491003923377549
5.40755159036605
5.857851847608611
12.263768692618449
6.7669859331680255
6.908251290474741
10.604970710249976
6.1835471374809945
5.904731203101812
5.369816573381939
6.344992533827902
3.9134817826611252
12.196791049760755
5.900576383334581
4.572366543740042
5.111221464493674
7.8197593585625835
5.859431495733093
6.3992306743245235
6.553823244077971
5.944513873348563
11.740506116431169
5.587089029481378
6.31103381696308
10.421771387842396
3.546112788505284
9.73141970560338
5.973200482332292
6.353118901606803
6.0045642615399855
8.69117502565476
6.422388395766222
7.308959850138021
4.018020303776448
6.733978322515963
8.86223486393924
3.8479934838437932
12.127682780421845
4.2735196168680964
5.343985221440222
8.325064381819258
12.893325130977038
6.396535937174175
6.718815680123227
6.304435474905894
3.6851438082589345
6.0926694902591425
8.399385272570962
6.839177488794552
6.184127186562279
3.6143874773717446
6.522801249433837
7.308408409422118
5.328018278213528
4.156380356499708
5.525214959993464
7.243174211000068
7.009881070676021
9.642639423412852
5.885708178881332
5.667170427164329
5.699758625188378
5.709194990100327
7.735132948875096
6.344116193222306
4.559922459226306
6.044250767064792
5.742357947949635
4.4533502159489124
6.159471870210144
15.152208973963358
11.419184055149916
7.788323871018809
5.306901576434186
5.417374825741381
5.671627279137288
8.332354556545907
7.756143992694042
5.351147308904872
9.11323157208771
3.5424053306781813
5.586753590993682
3.1094591445607245
12.250892731559835
8.892710929807814
6.990173107552582
12.519265149508476
1.973741159816877
6.703310738024533
7.454449047542401
9.956649608383902
5.321542879591559
7.683772047428225
4.6642630763608555
3.593310780206721
7.306985113072433
5.061031805771005
14.009868007282304
7.774767264909091
7.239265778245689
9.530128225248419
