90
129
172
218
47
94
114
36
132
109
177
50
124
142
238
258
301
32
184
67
110
184
234
68
152
41
76
108
167
51
75
108
155
233
29
121
144
211
234
24
62
88
128
162
182
218
31
65
151
168
26
51
75
113
132
74
57
221
106
214
22
181
211
95
139
164
21
49
120
181
214
222
93
131
114
208
31
75
185
28
54
22
44
64
142
172
198
35
108
199
239
71
94
171
58
110
158
195
51
77
96
145
183
64
94
141
201
24
93
118
136
157
176
208
42
94
129
199
229
70
145
45
79
108
184
229
30
60
104
137
201
224
78
120
168
219
236
62
91
116
79
115
173
195
230
62
149
179
204
238
51
78
123
115
213
233
24
65
173
221
41
94
127
107
141
172
21
119
154
192
231
25
52
70
88
150
174
201
229
44
62
81
145
185
209
63
92
210
87
51
88
171
108
176
63
162
233
285
328
422
467
29
70
124
126
168
229
235
99
134
160
115
153
43
34
75
174
215
51
81
114
134
26
60
89
134
188
217
240
29
56
75
164
186
207
36
202
41
127
24
82
103
143
183
84
133
232
97
158
213
82
149
33
66
91
129
159
210
239
55
74
94
125
24
45
89
109
23
115
133
175
240
24
75
93
175
230
54
76
129
156
212
235
35
75
117
179
203
29
66
97
160
52
147
51
138
165
203
34
118
163
185
70
107
131
188
175
222
109
148
240
43
64
40
76
102
46
130
168
189
218
24
89
114
152
172
192
239
26
46
94
129
166
231
20
60
106
126
157
182
212
55
94
123
181
230
57
162
207
51
84
168
29
51
84
169
84
127
167
187
228
40
86
122
144
34
170
210
68
134
36
128
28
111
28
89
140
157
200
231
165
209
30
53
90
116
167
169
39
199
29
91
119
235
263
371
407
451
473
45
73
108
130
241
281
24
50
162
41
66
106
59
89
137
42
42
62
83
236
68
93
158
28
117
223
75
109
175
193
89
110
159
25
191
213
82
103
131
150
179
206
233
327
352
376
33
54
21
75
100
201
25
77
69
108
178
68
109
135
191
51
72
90
119
151
170
48
80
163
235
63
115
32
74
153
184
